     1        0   129600   0.000
     2    20038   129600   0.020
     3    40075   129600   0.040
     4    60112   129600   0.060
     5    80149   129600   0.080
     6   100186   129600   0.100
     7   120223   130795   0.120
     8   140260   130795   0.140
     9   160297   130795   0.160
    10   180334   130795   0.180
    11   200371   130795   0.200
    12   220408   130795   0.220
    13   240445   132823   0.240
    14   260482   132823   0.260
    15   280519   132823   0.280
    16   300556   132823   0.300
    17   320593   132823   0.320
    18   340630   132823   0.340
    19   360667   135017   0.360
    20   380704   135017   0.380
    21   400741   135017   0.400
    22   420778   135017   0.420
    23   440815   135017   0.440
    24   460852   135017   0.460
    25   480889   137423   0.480
    26   500926   137423   0.500
    27   520963   137423   0.520
    28   541000   137423   0.540
    29   561037   137423   0.560
    30   581074   137423   0.580
    31   601111   140009   0.600
    32   621148   140009   0.620
    33   641185   140009   0.640
    34   661222   140009   0.660
    35   681259   140009   0.680
    36   701296   142621   0.700
    37   721333   142621   0.720
    38   741370   142621   0.740
    39   761407   142621   0.760
    40   781444   142621   0.780
    41   801481   142621   0.800
    42   821518   145397   0.820
    43   841555   145397   0.840
    44   861592   145397   0.860
    45   881629   145397   0.880
    46   901666   145397   0.900
    47   921703   147938   0.920
    48   941740   147938   0.940
    49   961777   147938   0.960
    50   981814   147938   0.980
    51  1001851   147938   1.000
    52  1021888   147938   1.020
    53  1041925   150899   1.040
    54  1061962   150899   1.060
    55  1081999   150899   1.080
    56  1102036   150899   1.100
    57  1122073   150899   1.120
    58  1142110   150899   1.140
    59  1162147   154084   1.160
    60  1182184   154084   1.180
    61  1202221   154084   1.200
    62  1222258   154084   1.220
    63  1242295   154084   1.240
    64  1262332   154084   1.260
    65  1282369   157212   1.280
    66  1302406   157212   1.300
    67  1322443   157212   1.320
    68  1342480   157212   1.340
    69  1362517   157212   1.360
    70  1382554   157212   1.380
    71  1402591   160176   1.400
    72  1422628   160176   1.420
    73  1442665   160176   1.440
    74  1462702   160176   1.460
    75  1482739   160176   1.480
    76  1502776   160176   1.500
    77  1522813   163523   1.520
    78  1542850   163523   1.540
    79  1562887   163523   1.560
    80  1582924   163523   1.580
    81  1602961   163523   1.600
    82  1622998   166658   1.620
    83  1643035   166658   1.640
    84  1663072   166658   1.660
    85  1683109   166658   1.680
    86  1703146   166658   1.700
    87  1723183   166658   1.720
    88  1743220   169839   1.740
    89  1763257   169839   1.760
    90  1783294   169839   1.780
    91  1803331   169839   1.800
    92  1823368   172521   1.820
    93  1843405   172521   1.840
    94  1863442   172521   1.860
    95  1883479   172521   1.880
    96  1903516   172521   1.900
    97  1923553   175460   1.920
    98  1943590   175460   1.940
    99  1963627   175460   1.960
   100  1983664   175460   1.980
   101  2003701   175460   2.000
   102  2023738   175460   2.020
   103  2043775   178572   2.040
   104  2063812   178572   2.060
   105  2083849   178572   2.080
   106  2103886   178572   2.100
   107  2123923   178572   2.120
   108  2143960   181670   2.140
   109  2163997   181670   2.160
   110  2184034   181670   2.180
   111  2204071   181670   2.200
   112  2224108   181670   2.220
   113  2244145   181670   2.240
   114  2264182   184764   2.260
   115  2284219   184764   2.280
   116  2304256   184764   2.300
   117  2324293   184764   2.320
   118  2344330   184764   2.340
   119  2364367   184764   2.360
   120  2384404   188094   2.380
   121  2404441   188094   2.400
   122  2424478   188094   2.420
   123  2444515   188094   2.440
   124  2464552   188094   2.460
   125  2484589   188094   2.480
   126  2504626   191295   2.500
   127  2524663   191295   2.520
   128  2544700   191295   2.540
   129  2564737   191295   2.560
   130  2584774   191295   2.580
   131  2604811   191295   2.600
   132  2624848   194396   2.620
   133  2644885   194396   2.640
   134  2664922   194396   2.660
   135  2684959   194396   2.680
   136  2704996   194396   2.700
   137  2725033   197987   2.720
   138  2745070   197987   2.740
   139  2765107   197987   2.760
   140  2785144   197987   2.780
   141  2805181   197987   2.800
   142  2825218   197987   2.820
   143  2845255   201172   2.840
   144  2865292   201172   2.860
   145  2885329   201172   2.880
   146  2905366   201172   2.900
   147  2925403   201172   2.920
   148  2945440   201172   2.940
   149  2965477   204736   2.960
   150  2985514   204736   2.980
   151  3005551   204736   3.000
   152  3025588   204736   3.020
   153  3045625   204736   3.040
   154  3065662   204736   3.060
   155  3085699   207711   3.080
   156  3105736   207711   3.100
   157  3125773   207711   3.120
   158  3145810   207711   3.140
   159  3165847   207711   3.160
   160  3185884   207711   3.180
   161  3205921   211506   3.200
   162  3225958   211506   3.220
   163  3245995   211506   3.240
   164  3266032   211506   3.260
   165  3286069   211506   3.280
   166  3306106   211506   3.300
   167  3326143   214890   3.320
   168  3346180   214890   3.340
   169  3366217   214890   3.360
   170  3386254   214890   3.380
   171  3406291   214890   3.400
   172  3426328   217819   3.420
   173  3446365   217819   3.440
   174  3466402   217819   3.460
   175  3486439   217819   3.480
   176  3506476   217819   3.500
   177  3526513   217819   3.520
   178  3546550   221668   3.540
   179  3566587   221668   3.560
   180  3586624   221668   3.580
   181  3606661   221668   3.600
   182  3626698   221668   3.620
   183  3646735   221668   3.640
   184  3666772   225079   3.660
   185  3686809   225079   3.680
   186  3706846   225079   3.700
   187  3726883   225079   3.720
   188  3746920   225079   3.740
   189  3766957   225079   3.760
   190  3786994   227995   3.780
   191  3807031   227995   3.800
   192  3827068   227995   3.820
   193  3847105   227995   3.840
   194  3867142   227995   3.860
   195  3887179   227995   3.880
   196  3907216   231798   3.900
   197  3927253   231798   3.920
   198  3947290   231798   3.940
   199  3967327   231798   3.960
   200  3987364   231798   3.980
   201  4007401   231798   4.000
   202  4027438   235228   4.020
   203  4047475   235228   4.040
   204  4067512   237138   4.060
   205  4087549   237138   4.080
   206  4107586   237138   4.100
   207  4127623   237138   4.120
   208  4147660   237138   4.140
   209  4167697   240005   4.160
   210  4187734   240005   4.180
   211  4207771   240005   4.200
   212  4227808   240005   4.220
   213  4247845   242767   4.240
